-1.715409285317685828e-01 -7.982975527809933747e-02 5.068825289861428329e-01 -3.140296283641255126e-01 -4.828392811950379948e-02 -6.116087302865586689e-02 6.119596952297194914e-01 1.133245191744391145e-01 -1.176271996865937280e-01 -5.314086201567033152e-01
-2.142854740674753067e-01 -9.181319159323358958e-02 7.280550824457811265e-02 -2.861321022135531952e-02 -1.984222466906628290e-01 4.651904037914332823e-01 7.183361306139637859e-02 3.229771053128929845e-03 -3.692759299457946173e-03 -7.557410854070133188e-02
1.443884591570314402e-01 -1.992215484373970058e-01 -4.080589445234255597e-01 -7.907627229806991898e-02 -9.774128537818663198e-02 3.134247669655464974e-01 -1.119762656929241817e-01 2.405933556733500511e-01 2.457685761436490535e-01 1.063620323590093730e-01
-2.996178381295673890e-02 -3.682165721788501628e-02 3.724905583938386416e-02 1.819149101475353233e-03 -5.202319237519035210e-03 7.446815830275467507e-02 7.134219745911228421e-03 -3.118977639823342085e-02 -5.854051604421702882e-04 4.714518584110792727e-03
5.013834159117928208e-02 -5.780203503896254313e-02 -3.282187504735825656e-02 6.315741702527852275e-02 -5.345753389682274259e-02 -3.096104940677684922e-02 -4.903569838313596302e-02 -7.908476940855344028e-02 -5.996792783765211160e-02 5.631150169952296031e-02
3.443423122487849763e-01 -1.759810090039091446e-01 6.118356323204529046e-01 3.547004801799450574e-02 -3.983900528210697067e-01 1.545668312025454405e-01 -1.531573852923935608e-01 -2.990096123881932563e-02 -7.912982043671420995e-02 -4.517287653396113156e-01
-3.089814769542612027e-01 6.551596598297496077e-02 -8.182228546609643383e-02 7.406359698662823288e-02 3.264448111935826236e-02 1.871016230660116630e-01 1.054776341155039820e-01 -2.744245772087099411e-01 1.187241244564997827e-01 -2.436347346988201532e-02
-4.639093545273006436e-01 -4.438596291604619132e-02 -1.324814663810916227e-01 3.222586241780788230e-01 3.029963714763566629e-01 3.944179062542766540e-02 -4.102688127290401443e-01 2.131065220440373637e-02 1.247379454699199114e-01 1.468098985052290750e-01
-1.523544349573187351e-01 1.695498768662436484e-01 3.010863519472055105e-01 -2.649841395832176483e-01 5.767585881121371771e-02 2.349663119441924505e-02 8.454140969700986441e-02 3.560121578528187974e-02 2.558907157365332419e-02 -2.522876003727884120e-01
2.041009457415366990e-01 -3.032501624462746181e-01 -7.551778284348913128e-02 -1.336449985383280636e-01 -5.062856067132960325e-01 3.352333965427759521e-01 -5.863267505121087103e-02 2.548886394803523414e-01 2.137967176019190119e-01 2.644435503437936319e-01
-1.196146240486538510e-02 6.342491625897273000e-02 1.094987424913594076e-01 -1.370201955628215229e-01 -4.302586277377363211e-01 1.785361135105979769e-01 3.756379603287688523e-02 -1.232207820378046215e-01 3.524154555111974618e-02 4.511586021199042174e-01
-1.388947536726679310e-01 -4.613729898421911613e-02 -2.740418535711271891e-03 -6.123590515780696908e-02 1.012353347739887582e-01 3.232517785150942902e-01 5.045826023355366036e-02 2.157759640641929433e-01 -7.356625179007221516e-02 -2.998325301028884615e-01
-2.496195325057869174e-02 -1.797448339240408643e-01 -1.542492346075688692e-01 9.901180319137906083e-02 1.174145064802017135e-01 -1.898883783355254651e-01 1.672742027284085109e-01 7.396870405320625508e-02 6.243242499266406231e-02 4.499029253530745232e-02
-1.900094666846670333e-01 1.172637063343471009e-01 -1.405511602003277072e-01 6.167323537483720280e-02 1.432020117222168321e-01 -1.430821577658465335e-02 1.068910112773511639e-01 1.543514991130031933e-01 9.734503982720507653e-03 -2.471917901260695938e-01
-1.765059123862741941e-01 9.799211621837218555e-02 9.500999307078479561e-02 2.387632795204554514e-01 -1.162987681864509626e-01 4.866109357693957499e-02 -2.183098490762082622e-01 -1.424240004351276789e-01 3.323832511531525369e-01 -5.867185905721811374e-03
2.831090166119487050e-01 -8.613244598742490765e-02 3.766803231071798597e-01 -1.739008858008213310e-01 1.611433939443752406e-01 -5.280821235074878439e-02 -6.663691127912758916e-02 7.524603756133035892e-02 -9.144414273807345284e-01 4.120944319193070582e-01
-1.204508575020886013e-01 -8.139950869757245355e-02 -2.495633379481854500e-02 2.715055855820709962e-01 -7.222433150180222750e-02 6.107160972360220486e-02 -1.731443644348984734e-01 9.787375443892193383e-02 7.087105209867319844e-02 -1.936699109754209946e-02
1.656546908863605339e-01 1.417494751910996498e-01 -9.850207649785248931e-02 1.556346436613391393e-01 -4.916328247924944272e-01 -1.711152783775999053e-01 -1.772613245308658492e-01 2.748798719754115827e-01 -3.917872622479638689e-02 1.878741386961427784e-01
7.205053889074626572e-02 2.136107100265984549e-01 1.678860295485108123e-01 6.556591190241820022e-02 -3.721873377278245854e-01 -5.813107956528094228e-02 -3.580097293370435030e-01 4.942962261615312103e-02 8.492503838099159374e-02 1.477892367901912918e-01
-2.593314200690083893e-01 5.957423018609039889e-02 1.367574168425914893e-01 -2.024517077557314859e-01 4.159136592435933727e-02 8.830351463961598479e-02 -1.627489221324786642e-02 -2.578513281131949442e-01 1.709366558059702834e-01 2.671949893021358657e-01
-7.925512819585373014e-02 2.141576346450237145e-01 -7.012261798445913741e-02 2.601353685206098665e-01 4.220562867510734839e-01 -6.417134608179564381e-01 -3.429253788617844800e-01 1.906261198661230449e-01 -1.906166344707852511e-01 1.194752034722016271e-01
1.398535686965100000e-01 -2.338047374573828663e-01 6.239188860992474217e-02 1.122840941234669876e-01 -3.602330400236500307e-01 2.359165900109101710e-02 -2.110148631215998938e-01 1.625749252144422230e-01 2.474438912852579275e-01 9.687535138377717861e-03
-2.276985820303926156e-01 1.390750213108050103e-02 3.015418833205606997e-01 1.510699689714390392e-01 4.782876684898864639e-01 -7.238474872359200452e-02 8.122740921975343809e-02 -1.418572218845370048e-01 -4.028049955522921555e-01 -1.840164548437247249e-01
-3.046265426858959513e-01 -1.964995674735761366e-01 -2.560528018175382836e-02 4.085631061644354883e-02 2.997081829854841839e-01 1.311201106055827348e-01 1.706040466065545103e-01 -8.767846561402091454e-02 1.422417847408405378e-01 -6.313646717481376409e-03
1.234611897611748998e-01 -1.435202990659696642e-02 2.226229101554995926e-01 -4.166287750547310181e-02 -3.137006071791270112e-01 -1.372662812013153155e-01 2.234866224005119528e-01 -1.904496927149267882e-01 1.461361965453968070e-02 5.502951292338736228e-02
6.937575009799071268e-02 1.733758510581984713e-01 -1.625228805407361587e-01 -1.495575065704312367e-01 3.785623633650448405e-01 -2.713769609972137564e-01 -7.759898123523665571e-03 5.277956133459486832e-02 -7.355403509055304101e-02 -3.615600644472814068e-02
1.216196064797407383e-01 9.959174040935711309e-04 1.391188234031698889e-01 2.256834288459960147e-01 -4.387200874870000877e-01 -3.340953324290868443e-01 -1.419376117042387142e-01 -3.676961022459280387e-02 2.074179343094597339e-01 1.323601701417047860e-01
-8.401764941256818775e-02 2.027287316121504090e-01 -2.929836971769178011e-01 3.318915777129829436e-01 -9.027222245838092615e-03 -2.312677349071215471e-02 5.615634222170649142e-02 4.681700008461130436e-01 -2.871217334706406832e-01 -1.969521220786147053e-01
3.411585237304941287e-02 -1.636433744009242741e-02 -2.176655633579829829e-01 -5.903898752331614846e-03 8.148427712740888285e-02 6.332606863079193182e-02 1.346138443223665881e-01 1.521752584490554394e-01 -1.732204210332645156e-01 8.221870389290830694e-02
1.087965578896722546e-01 -6.613630146295958190e-02 1.579887568075476478e-01 1.508089261911219336e-01 -5.871180137431212392e-03 -2.291096568030953629e-01 1.962008867741122653e-01 2.929603240958388310e-01 -5.628959807880036248e-01 -8.318249720171805306e-02
-2.058239096197164442e-01 -1.854554543058201110e-01 1.518647793208588725e-01 5.438110852369393289e-02 1.915619900185559499e-01 -2.514546245192860741e-01 2.553787448272322735e-01 -2.904799470325949984e-01 1.828042025840169171e-01 5.685405729343943892e-02
1.390504376430395095e-01 -3.397109157275048918e-01 1.231905409926213613e-01 -3.856841265748595093e-01 2.377464767261388279e-01 1.639953871943869712e-01 4.908884628271888151e-02 2.063683443508006199e-01 1.788693947078432434e-01 -8.714360529882274331e-02
-1.330929115236029713e-02 4.382828013813524354e-02 -1.211465976641265124e-01 1.874612318063396954e-01 -1.220794627727205123e-01 1.669538420986834137e-01 4.877242207828904469e-02 7.131920890746699937e-02 -9.051903571438795620e-03 -1.158067842406095560e-01
1.027008850388807654e-01 -2.986277451955448581e-01 1.898316973747439795e-01 1.798517262529193972e-01 -2.805666198812822865e-01 -8.554076612023446546e-02 -1.745623270377655023e-01 -4.066921475188358531e-02 2.821019265495631756e-01 2.797267911467273827e-01
1.676962361952357983e-01 -2.071646090596983569e-01 2.257840243117394466e-02 2.326131819159667768e-01 1.504019564583754243e-01 -2.632480076389142609e-01 -1.924752229562767813e-01 3.815325727531710398e-01 -3.000306044773478620e-01 1.284622940636402921e-01
2.336564100546301495e-02 1.190929889590775642e-01 1.157846995852586242e-01 3.911505893611370854e-02 4.354166687082531434e-02 -7.106790952189627475e-02 3.590006962763116205e-02 1.332056525086737220e-01 -2.318721527275579564e-01 -2.243965041850609632e-01
2.116711012908448208e-01 -1.811115204770510356e-01 1.406830892022283841e-01 8.960865142901612568e-02 -5.150673246424372076e-01 1.715421098076700124e-01 -5.735715345087462336e-02 7.295604246467306264e-02 5.746080767851331067e-02 -1.423789754636217708e-02
2.189590260025886526e-01 -2.827935093994899396e-01 -3.830742483574002266e-01 3.979377408267751881e-01 -7.669224431766183403e-02 1.503594279517893040e-01 1.017767740504104262e-01 1.090276748288567521e-01 -1.727178250890951117e-01 -3.447284592939151709e-02
-7.740066750242297067e-02 3.451078062398897361e-01 3.817464204527054594e-01 4.532757879319812000e-01 -4.096745167948836475e-01 -2.565468048613085972e-01 -3.641558321603979298e-01 4.569344233243926579e-01 -2.335208478934062415e-01 -2.214726864875642964e-01
2.815426277295033364e-01 -7.185954597062098326e-02 2.491342091312827300e-01 2.479531952399895503e-02 -2.294247003178134514e-01 1.364826230282319974e-01 2.414450556679186288e-01 -2.727546967002014711e-01 2.097975827528978515e-02 -3.239869034858148256e-01
5.904057916883617696e-02 1.645451807120745444e-02 1.983593020328064394e-01 -1.239141228994821153e-01 1.632818558801191547e-02 -8.963646849268053218e-02 -2.161707116843251952e-02 -3.758590361057584373e-02 -2.383228250692019656e-02 1.535033168921049601e-02
-3.529023106877408195e-02 1.382517880315289882e-01 -1.718305349610524391e-01 -9.691199631439004203e-02 3.209093648075630155e-03 4.113531788168943437e-02 3.204785211654657684e-01 -3.441304100402967636e-01 5.214265104634532161e-02 2.546582562178403841e-02
-1.079989961347339461e-01 3.531951167769286637e-01 -9.721897731246594010e-02 2.679160778117479214e-01 3.211060460301408681e-01 -5.306497487366529375e-01 1.236624544303723816e-01 1.781830630909983504e-01 -3.575753576740446915e-01 -2.701907004377719357e-01
1.121157551757691745e-01 -1.073187104548369158e-01 -3.019155725590258466e-01 1.249158306308499611e-01 1.363898776566709325e-01 1.830890769563377485e-01 2.217240298477306526e-01 -1.213419555973365843e-01 9.606119241187115187e-03 -9.228914897735929213e-02
-1.021214225136507225e-01 -7.995699678554084224e-04 2.360986018020233557e-02 8.518086491247658931e-02 -4.559149462843575286e-03 3.701733572483235646e-01 2.093384364486473026e-01 1.234372513004197008e-01 1.081698982411015836e-01 -5.841936720349099055e-01
2.907252313671849220e-01 -1.538420482692246516e-01 1.341930085807256923e-01 -1.920432437796400493e-01 3.101303031036129962e-02 -3.471888873733327552e-01 9.296381109897010331e-02 -4.071183161710687642e-02 -8.538801978359780720e-02 3.873224360854883308e-01
-3.612126014181794853e-02 1.668072143646969763e-01 1.518172896529877969e-01 -1.063680048614503437e-01 -1.499421401007813293e-01 -1.469886706573454715e-01 3.029792370617763742e-01 4.419291223683102787e-01 -1.816614088873693966e-01 -4.358890853050868541e-01
1.229671260489273920e-03 -1.921344463351123688e-01 1.704905804126389257e-01 -1.404374855118434018e-01 1.415662252054481207e-01 2.301517151515675499e-02 -3.102985647802386504e-01 2.688414688846978984e-01 1.014484170778721661e-01 9.917167075588931291e-02
-6.077446201124751118e-02 9.752928136487357125e-02 -5.318187776296637304e-02 -6.256548587969065767e-02 1.869325938312164370e-01 -7.808050412998723822e-02 -1.021653212205633765e-01 5.954911653150107148e-02 -2.675638364790463089e-02 -1.250814567134707622e-01
2.097954758905320929e-03 -2.366131107099940512e-01 -2.209142669386020275e-01 -5.863898623795688048e-01 4.198207607769649519e-01 2.879822042742287702e-01 1.478359772145750595e-01 -1.227612682538410799e-01 4.858805659280863720e-01 -1.967020760579905603e-01
-6.368976274567320073e-02 -1.679587588969111978e-01 -9.260120788655200330e-02 4.893465658771340918e-03 5.926554043769956953e-02 -1.237866999218884129e-01 -1.430228442108610609e-01 2.186258636272518097e-01 1.284895753812766439e-01 7.725258198462675585e-02
-3.699505469687365822e-01 4.586089639624896935e-02 -1.382638007432777649e-01 5.170637218461304231e-03 3.108389953189957811e-01 2.613989616240022795e-01 -3.905075595392819010e-01 2.218976703608764034e-01 -1.031247488044915311e-01 5.021198405428690253e-02
1.532810259795868157e-01 2.164086594869593996e-02 -1.038031191138208964e+00 -2.855107184747018856e-01 -1.855590704157942042e-02 7.475347044884932401e-01 3.021366397735977261e-01 -2.781211225443088186e-01 2.900614980257085196e-01 5.903571600499309124e-02
6.505934700243072577e-02 5.488587879603513686e-01 -3.659910112894231016e-02 1.832871732025534439e-01 -1.569429840159271006e-01 -3.780121684018847295e-02 -2.961333130129476660e-02 5.978055846337620993e-02 -1.866156944968717091e-01 -3.135608595579979507e-01
-1.130924318987947125e-01 4.112582465832294873e-04 -2.318913823948347622e-02 1.663395272241786349e-01 -2.504870500019913682e-02 -8.510081997070172155e-03 1.549836124936175286e-01 -2.723556913638515153e-01 -3.723888210610552113e-02 -1.497918690434426603e-01
-1.001162597061286130e-01 1.365766286048863791e-02 1.494362237943402394e-01 -4.021999834166951060e-01 2.297030929514733422e-01 -6.705105716265231941e-02 3.170704699107368962e-01 -8.693131859838139353e-02 1.553458258856572072e-01 -1.863704072592359540e-01
9.543845146659063472e-02 -3.148413995667086185e-02 2.671992215742693411e-01 1.005585090185784174e-02 1.579882403386575762e-01 -3.082824700605609758e-01 -2.747665437215019435e-01 4.902897746682347013e-02 -8.356126274334229123e-03 1.228051567018637880e-01
-6.026314028420740043e-02 -9.813515246783395887e-03 4.415208846524453640e-02 2.225864506930507261e-02 -5.508447301257912709e-02 -3.994089992578039178e-02 5.036938076227468614e-02 1.118675910487796493e-02 5.526202291102203651e-02 -9.693444650512594851e-02
1.815442436837328144e-01 2.472778411161380141e-01 9.924551611114612246e-03 2.275760068255130719e-01 1.664517040759383171e-01 -5.768904538333129439e-01 -8.820427315980840233e-02 1.640398977892939536e-01 -2.458605009934285990e-01 2.989289634089712169e-02
-7.428636513763026139e-02 1.038010904091575398e-01 -7.280927152796481602e-03 -4.253517191208616016e-02 1.428113125578189813e-01 7.288447640580926479e-02 3.298271692931026983e-02 9.474910331639770089e-02 3.246191236730807533e-02 -1.105003117071131913e-01
3.012215248780453561e-02 -8.571518395492318254e-02 -2.103708791961462765e-01 -1.135537307210855162e-01 -1.899534208779201094e-01 5.579479530570354180e-03 1.337326677757539883e-01 -4.917704782681818487e-02 1.817054421624696992e-01 3.363851917276357018e-01
-5.917465494451483454e-03 1.926254978527393580e-01 9.352292764356016919e-02 1.303052968949940660e-01 -2.874389480144616260e-01 1.099505559634093577e-01 -6.745476681911861949e-02 1.641767653531780308e-02 -1.957206862915864265e-01 -5.941121873256843128e-02
-9.975681269841180088e-02 9.730793624367890804e-02 3.049123805242095475e-01 1.725719805265493456e-01 -1.463616442581420207e-01 4.508624342051448242e-01 -2.895019966541882983e-01 -7.630256151352676763e-02 -3.005908566482948241e-01 -9.146388499644000913e-02
1.694037016668042614e-02 -8.897668283924525801e-02 5.387259887436738476e-02 1.041777438508899728e-01 1.917678648811869599e-02 4.927688531721286652e-02 2.145724046854705358e-01 3.977414101772107358e-02 1.959998970418141417e-01 -3.932455659225588263e-01
2.236153381833903553e-01 -3.378638192693682596e-01 -1.533329832457042685e-01 -1.112547002455484546e-01 -1.998447640561351601e-02 3.864083424167549796e-02 -1.564982588147498799e-01 5.964092200516558917e-03 3.126046161650159472e-01 1.778371370384514705e-01
-2.288245772933640010e-01 2.262580966533028204e-01 -3.868609869013487912e-01 4.633017687905822135e-01 1.683458162781798217e-01 3.236840203833060703e-01 -2.695496216379218990e-01 -1.291562038391424749e-01 -3.472467927203022331e-01 1.721864523902509325e-01
-1.493459522510557635e-01 6.126212720477212936e-02 1.395079510079557661e-01 -1.971113124444323350e-01 6.987150875182071043e-03 9.793578602336346084e-02 3.549527337152223461e-01 1.168635441395523070e-02 2.366826802348374337e-01 -6.216128267191606271e-01
2.517001613311418140e-01 -9.358258504934527378e-02 1.975717635388029025e-01 2.938713456989606176e-01 -3.965496170474847037e-01 1.504884167042064846e-01 7.549315094722992836e-02 -3.588464993680104964e-01 1.692935108238939057e-01 -2.449700998858704015e-01
1.778366203643481358e-01 -2.904710124214003875e-01 -1.584913851970102400e-02 -1.501507147766222017e-01 1.344579098931090455e-01 -1.343284758867505646e-01 -1.441385977623907133e-01 8.932709504692917801e-02 1.366586695880300795e-01 1.017515589616431876e-01
-3.822718088941138292e-01 2.394423818347374555e-01 -1.575856085518796690e-01 -2.439476937024980929e-03 1.265140494986436992e-01 1.572000210696535005e-01 -8.459630123059631857e-02 -2.036265287872506546e-01 -6.427909765619271854e-02 2.962158504749816679e-01
-1.842952766339385484e-01 3.667874995475869232e-02 -2.095200485933375045e-01 2.374791332655594722e-01 -3.683981791625443730e-02 -1.823981303955798938e-01 -2.106502550312104594e-01 1.369864704204418748e-01 1.726660213803540289e-01 2.269538631657791183e-01
-4.602775565922536186e-03 -6.568994088346599702e-02 5.639615101781154938e-02 2.616364960888334368e-01 -1.017604120770436577e-01 -5.720238940482005180e-02 -9.510311004948535096e-02 -9.062414672124043113e-02 -4.566238982099504046e-02 1.350643216524301249e-01
9.979230945085737492e-02 -1.267025658654782061e-01 -9.770549631208166885e-02 3.356983312535758435e-01 -1.223353821511615758e-01 1.315565890198548693e-01 1.487163003800305305e-01 -8.327204491523783336e-02 -1.906592672079621131e-01 -2.601045251093515032e-01
-8.550237810972637076e-02 -1.821169532122403345e-01 -6.123501463848801327e-03 -2.402312286041274891e-02 -4.830998766716079751e-01 4.622595091587741178e-01 -1.050104933689382791e-01 1.963299430261708223e-01 -7.708040154571492442e-02 2.362852408180967090e-01
8.733474550943633175e-02 2.688161825163823404e-02 1.255817869482320492e-01 -9.257766679524548348e-02 1.045737890055987301e-01 -1.562101361380006936e-01 1.331853299154845405e-01 -1.946862672693253082e-01 -4.515615349929376875e-03 1.921380760191641335e-01
-5.290567462830543521e-02 -1.807887552663185182e-01 -2.197452747533749640e-01 1.862272364445536343e-01 1.935876869327902705e-01 2.885177346452038050e-01 -3.400357666984000216e-01 -1.490123133545489531e-01 1.074243229334941041e-01 1.835119823039676468e-01
-2.046061351782386684e-01 2.278187509636129815e-01 1.792375718767868775e-01 1.553578074240961615e-01 -1.056915515080023883e-02 -3.687231322727756999e-01 -5.807421060265138130e-02 1.741320517418661062e-01 1.046924511708773736e-01 3.086293230317354100e-02
-1.559759283070672464e-01 3.062785179501743005e-01 2.238383943964533940e-01 3.785448840748087962e-01 -5.544864963852121909e-01 1.704417186855577693e-01 -2.467561423684883626e-01 4.835651808240087890e-02 2.772796195774520633e-01 -2.860260436492557123e-01
1.552143836427760139e-02 -8.861412125243627036e-03 2.660960032548874143e-01 -1.040079643152805877e-01 3.030473920318974348e-02 8.252469682394533712e-02 -6.988081339671331493e-02 -1.732525894782151535e-02 -4.803934628082220937e-02 -2.791946409922104189e-01
-3.993902605131661732e-01 -3.493821802226798612e-01 -1.545619411175899738e-01 9.773400128809710263e-02 2.867358733333066900e-01 1.015089833175305128e-01 -1.008560224452154236e-01 -7.474006892762460885e-02 3.156573923382697822e-01 2.055114841917872470e-01
-2.551656390559025045e-01 6.728842633651445186e-03 1.395632455128871796e-01 4.073810672906739705e-01 -1.730478987772860466e-01 4.789688116043302329e-02 -2.521682864858826312e-01 4.474387907268894682e-01 1.521374048217871006e-02 -5.140188720225695729e-01
-1.602003038788768208e-01 -1.964586869590277951e-01 -1.071137928353797508e-01 -7.587947728397237412e-02 3.253407320533648894e-01 -1.105562569031028931e-03 -3.304115303736580161e-02 -9.542318715685296771e-02 2.275477107561656998e-01 -3.156988426246302298e-02
1.532494086760817151e-02 1.025221858030040678e-01 -6.527384605908463922e-01 1.998172496864223935e-01 4.812435787994690517e-01 -2.395611590193306717e-01 -1.273141088091972462e-01 2.231522860242171891e-01 -2.916576060959792382e-01 4.412320366054265364e-01
9.969095649168874251e-02 1.196537225461704324e-01 -9.581385615069119843e-02 1.899281885719976762e-02 -2.038280037004716050e-01 2.682580344512890472e-02 1.473568608384721867e-01 -1.599881411045439572e-01 -8.905261822334757660e-02 6.281827947787645139e-02
-4.277669425968921857e-02 3.617670041578439077e-01 -1.334393225600453148e-01 4.151387081330026319e-01 3.859775206856461138e-01 -3.996745566510727654e-01 -1.720616630930290047e-01 3.330529497219715529e-02 -4.337052108226124303e-01 -2.168167841629251372e-02
1.266977687892456017e-01 -1.645844572816438645e-01 2.204251095646056480e-01 9.551180597700988095e-02 -2.578189308818231718e-01 1.537513802138307240e-02 3.047862927053949234e-01 -3.463596978200897958e-01 -1.690595268513482574e-02 8.420948208211161135e-02
-1.241341824278614364e-01 -3.260366966375975555e-03 1.212439628213015791e-01 -1.520187370945980110e-01 -5.373375478768790264e-02 9.386110023900003096e-02 8.895263480248062626e-02 -2.088540923856481712e-01 1.991294761159001780e-01 3.099378850115223905e-02
-1.861594860584288302e-02 -1.490494213399212731e-01 3.659773437236010230e-01 -2.793594461360355830e-01 7.861315512359193236e-02 1.070941477872360513e-02 1.343283585759148802e-01 2.335475458116383074e-01 -3.753707440087242220e-01 1.488307293851673374e-01
-1.627634493747888711e-01 2.286469722694318141e-01 -9.890722143523615617e-02 -1.425697874984259705e-01 -1.637264122107147946e-01 6.002395476935254992e-01 3.122377194915642584e-01 1.488824239532226396e-02 -2.919338566157971826e-01 -1.404396337575631315e-01
2.105559632933833303e-01 -2.154287331643879033e-01 2.620215018770346085e-02 -1.387874948547639375e-01 3.762165064654739849e-02 2.320790445800444690e-01 1.827503563692235433e-01 -3.300658472165737822e-01 2.816068007819952368e-01 -2.610944854548998273e-01
-1.675793095946442046e-01 3.781480562505210030e-02 -2.151576097540112420e-01 3.127720759318660115e-01 1.461774521162177431e-01 -3.995661288311758153e-01 -7.817778837231297018e-02 2.612176609811259209e-01 1.331455482387942368e-01 -6.747518662371990161e-02
-2.032265904420662572e-01 1.563392494564076196e-01 -1.077095629837514917e-02 3.614599718251550881e-02 5.310401248202449576e-02 2.058774681581443042e-02 -1.987941288156089975e-02 7.858679348050934266e-02 1.308398031076039858e-02 -6.413645677368125242e-02
-1.047819737494918788e-02 -1.944265415214277981e-01 -2.102621193700553448e-01 2.456840551370836068e-01 -4.185168366943663454e-01 7.424916779853137916e-01 8.791986982987651245e-02 -2.295854986299236677e-02 -3.360180459752705739e-01 5.663043327982413000e-02
7.633958439174178510e-03 -1.580255866349856986e-02 -5.677972643568583028e-02 -1.477598629835108757e-01 -6.223566800088603523e-02 9.502963357126446853e-02 1.778644329789526865e-03 -5.833744083633038424e-02 6.245941888776459366e-02 6.469520421379527930e-02
2.433759445434337254e-01 -7.090512075159016714e-02 -3.438351299641622116e-01 -1.524536254326220863e-01 6.030800512627481486e-02 -2.969703988155670271e-01 -8.441126798077371735e-03 1.734040172407050329e-01 8.000124378012926640e-02 2.854138292195509963e-01
1.098728981075743488e-01 6.662095670126108593e-02 2.961128811172279440e-01 3.742719352776877617e-01 -2.216163157355179325e-01 3.720975336656296428e-01 -3.964619974926504864e-01 -2.814288510921733044e-01 -5.811797625930508193e-01 7.737016456411885401e-02
-2.382471134510622535e-01 2.684508046562232297e-01 -3.269122110718476054e-02 -2.620907428332095931e-02 1.006464095138058512e-01 2.558124690241803667e-01 -3.201410018811434027e-02 -4.278703524226418198e-02 8.011577266274422238e-02 -1.838848700049440232e-01
1.585489354654257277e-01 8.867656660964623461e-02 3.704434354250121103e-02 -1.331136119017223562e-01 -1.532637367864864760e-03 3.938312993643367649e-02 2.562584702219592447e-01 -3.020923462390432968e-01 1.065942671434404465e-01 -3.316370694849140599e-01
5.209127384628676333e-02 1.908550670887796397e-01 6.346882563154912504e-02 2.969165882036858273e-01 -4.714806871814806177e-01 3.238920416368131772e-01 -2.264468041595395220e-01 1.006223852828224269e-01 -3.151632941346521610e-01 6.707352125987313396e-02
1.962256460309528272e-01 5.275002803057119577e-02 2.656913364744057857e-02 -3.242207656479689781e-01 4.491932961221389298e-01 -4.601867734548578670e-01 8.114412174922644438e-02 5.598526523359701468e-01 -1.076847101903346676e-01 -3.815438783770528364e-01
-1.010675620129874580e-01 2.150502873642581025e-01 6.300986981433921719e-02 -2.200091205693144591e-01 -3.768426343793550015e-01 3.557138230690208291e-01 3.549757831250253126e-01 -1.099879340748190736e-02 2.093608021395361798e-02 -2.446312569091845801e-01
-5.937635784255361482e-02 1.137908804944979119e-01 -2.574517936762119041e-01 -2.050105730971167606e-01 2.497238944652113192e-03 -1.761750621193835520e-01 1.115959221863592893e-01 4.971166130248059339e-02 2.278389259247441123e-01 1.194514333164682085e-01
-4.198920970905554717e-01 1.529022406681405100e-01 -4.217210267708124127e-01 1.826378646901647418e-01 4.941755110494155945e-01 1.306631441703804963e-01 -3.359850570494921085e-01 -4.705378593011864674e-01 2.472259756324366176e-01 4.564671636528624954e-01
-3.474578564225763166e-01 -7.808479823049691015e-02 -8.818721856801144121e-02 1.562605009776166232e-01 1.916081168041094407e-01 2.058510295859937167e-01 -3.552892026884225118e-01 -3.115264547608906365e-01 3.717073600524524180e-01 -4.640769738960501961e-02
1.964171715286340547e-01 1.694828490895979034e-02 4.285634010739092226e-01 -9.089841742480211928e-02 2.546538619035835227e-01 -9.866083707482933840e-02 -8.455055011088663530e-02 -7.173994417641552102e-02 -3.240900993831475896e-01 -1.600026070772611053e-01
-1.775695947441381303e-02 2.027643613010384482e-01 -1.463553999522404225e-01 -7.955920069623211022e-02 6.834633748754720406e-02 -2.840492376626024829e-01 1.333152903803489497e-01 1.772534751343657344e-01 1.540762872873249201e-01 -3.002842777913428685e-01
-3.647610045661497935e-01 1.971266326835652560e-01 6.386480426301071045e-01 1.331602534955438899e-01 -1.624705308844966722e-01 -1.834888857856708522e-01 -1.098559499035971915e-01 6.755067168900468211e-01 -2.197841410340729829e-01 -5.833509476422777951e-01
1.577786011469477917e-02 9.597749244000113034e-02 3.839068214974092341e-02 4.510293163085282719e-02 2.519172353661229269e-01 -2.550842500616120612e-01 -1.166194518355186116e-01 2.158955097260993883e-01 -2.086618022149573370e-01 6.667082698465012780e-02
-1.140253846128497089e-01 5.168277566130322943e-03 2.671926999109949796e-01 -2.916454541554179547e-02 -5.791882748582097284e-02 -1.125882280734122748e-01 -2.748635842270161778e-01 -1.302519466800186598e-01 1.434493604038202530e-01 2.009376055683040063e-01
1.212182688821510507e-01 4.057735101487075502e-02 1.876925909431794437e-01 -2.360319014453854114e-01 -7.766726694822563559e-02 -1.823500138479815791e-01 4.801853711346576459e-01 -2.469039653760823350e-01 1.748683567551699014e-01 -1.741441851095895943e-01
-8.332922147068905216e-02 1.815204042519277250e-01 2.062184155452928547e-01 -3.731377183384365637e-02 -2.208186745038735396e-02 1.825634749021946140e-02 3.887496272516098583e-02 9.699952990195723213e-02 2.187733207180644346e-01 -5.993023168986377769e-01
-4.797931169673213397e-02 3.841491234297018942e-02 2.482391021397591935e-01 -1.094391587052815501e-01 2.499883290162711325e-01 -1.430811916725108768e-01 -3.151574259749577722e-01 1.810216645333784513e-01 -4.686813360405446272e-01 3.087078708550715644e-01
-2.264164821365132960e-03 1.545027158102543485e-01 -1.379680499977256336e-01 -7.100998340644461282e-02 1.570262364562339807e-01 -4.146622683811396204e-02 5.315746591933222243e-02 9.082190121472891176e-03 1.279347024966010216e-01 -1.870158836913464462e-01
-1.267837532750911433e-01 1.517417924807056284e-01 -3.404744478448827605e-02 -1.713054035595964197e-01 -5.133779663648615488e-01 5.078939650248531779e-01 -6.373547640147732285e-02 1.372190504952470191e-01 -1.264787624501376440e-01 3.061956102617974240e-01
7.218467029226842413e-02 -8.683194840993151142e-02 -6.312016111656472139e-01 -2.870865344948604347e-01 9.203907811309471054e-02 1.272221317272635710e-01 2.918426315902317714e-01 2.324228613631530802e-03 1.342563488296921737e-01 3.988529204559002062e-01
1.813814334680373397e-01 -4.602865740297916453e-02 -1.111931614485113379e-01 -1.248147299002843463e-01 9.938223057738788946e-02 -2.100140724798215397e-01 2.279091823291735652e-01 1.148531949454387746e-01 -1.648535489697805501e-01 -9.022803840339917170e-02
-1.309291167246810217e-01 -2.094130590008111692e-01 -3.987802239448660913e-03 5.551517867031419140e-02 6.874637769895330930e-02 4.144643431477675333e-01 2.739244456821758877e-01 -1.125703399006291877e-01 -1.797622520392323509e-01 -1.736410640255061366e-01
-1.422444453433848732e-01 2.711767662479273033e-01 3.343242708579927114e-01 -5.288295079148223055e-01 3.723672613930104069e-02 -5.319280808603122912e-01 9.247943036061785638e-02 2.295824367816022560e-01 4.092216313544826400e-01 -2.415164450168398591e-01
-2.141189292467504390e-01 -2.366907870634495092e-01 -3.031636816123781802e-02 3.497906358149254769e-01 1.783073173151409063e-01 -8.288079104006440545e-02 -2.140495030217627048e-01 -2.335699557267462978e-01 7.075957840747267025e-02 2.669645061250557339e-01
2.314518674859448316e-02 -2.996042282699658554e-01 5.365785375234263799e-02 -7.739412943470029560e-02 -3.657516452271541429e-01 -2.778696001388483161e-01 5.810259625893762214e-01 1.147238202317634320e-01 -6.656127297590291869e-02 1.743557966506578336e-02
-1.670100491807366971e-01 -1.294139503116534425e-02 9.912318257886366946e-02 -5.090562953327163603e-02 -3.501128408137779702e-01 1.496979340521656932e-01 2.821090553976009496e-01 2.046178277569363491e-01 -2.774641626735588895e-01 -4.055673766311079093e-02
3.905819276538593371e-02 8.778086496207453127e-02 2.391340977795615719e-01 -9.301204291758258247e-02 -1.839538075654352789e-01 -7.958776217834802325e-02 1.156293153948743657e-01 -6.967351515539241258e-02 -1.174401353975669526e-01 1.411386413153830482e-02
-9.884842832667549081e-03 -9.445039984823586088e-02 1.826432890106610141e-01 7.563986143599130130e-02 -1.101022150475084171e-01 -5.842625709403327372e-01 -1.887867972864883670e-01 7.535831162596151600e-02 1.572237346214263032e-01 3.792139494719112824e-01
-1.524513440509795703e-01 5.780056894310845600e-02 2.987392448117929811e-01 4.595114183401886043e-01 -1.589027374666082681e-01 -8.436788360005696707e-02 -1.902707250841468786e-02 3.888873781399111995e-01 -4.354766610555404482e-01 -3.471792255490723234e-01
1.589612240042995173e-01 -1.850463871776540370e-01 -2.611757611129402953e-02 -1.172246052511528580e-01 1.305045120063709208e-01 2.249851584319028097e-01 -3.954513013888545925e-01 -1.416506582417048632e-01 3.995840645108315881e-02 1.352307387403742511e-01
-1.102328079174258874e-01 4.727917315524104436e-01 -1.289587897609061895e-01 -3.554443562161324066e-01 1.780572779860621901e-01 -1.418910256165736294e-01 2.956341638789819135e-02 6.201506750842589177e-01 -5.453861486375747303e-01 2.618807493700285871e-01
1.372682774515443238e-01 -2.918033487059689540e-02 1.982124140980297544e-01 1.986181365923338771e-01 1.128438752381138721e-01 -3.011944921291585114e-02 -1.378564559580982285e-01 -3.599825169671266312e-01 2.128925420436911242e-01 -8.315104059158567873e-02
-2.214241109591011114e-01 -6.469054616155293577e-03 -1.125075878227325271e-01 -1.761601449095753780e-01 2.008268791830023214e-01 2.823285843422332908e-01 -1.558500429608669358e-01 -1.608727424206744805e-02 1.999662325608678459e-01 2.602442726014212449e-01
4.445620817114736938e-03 3.962285769928391987e-02 -1.285487800515310378e-03 -5.630805692719039607e-02 2.969673365431661494e-01 -4.384067480213379997e-02 2.665916644220428511e-02 4.183371346942646452e-01 -4.932122695937533191e-02 -5.442551747184207755e-01
-1.076242721419097964e-01 2.301878397765982354e-01 -8.131442293648546982e-02 3.751153365532071751e-03 -1.200929542837365915e-01 2.504834130116243007e-01 1.064194222194492223e-01 -1.331330817062276184e-01 -2.055247559906976662e-01 -1.113697958553491740e-01
-9.951573245265502021e-02 -3.438081239621532670e-01 -1.756012566462887836e-01 5.009921660377242292e-02 -2.323743928513768986e-03 -2.170936466375257903e-02 2.190695864432527177e-03 3.770467047265216309e-01 7.463939449240204749e-02 2.122947165628560617e-01
3.469873651255398622e-02 1.303595012204443737e-01 1.904628600206148548e-01 2.406611974678115884e-01 -2.109371193302672920e-01 2.467826021072408449e-01 -1.477158158510665231e-01 4.124628840590992551e-01 -5.848043734379699821e-01 -4.302076261828916559e-01
9.095879839209854156e-02 -1.345929232452610091e-01 6.046582470161668277e-02 -1.602088855528032985e-01 -1.913898548500446162e-01 -8.329215934266462340e-02 6.035250123250575360e-02 -6.304890925654811629e-02 2.536669272343891057e-01 1.064540963961298631e-01
9.301056784033344405e-02 -5.884528780749644084e-02 -1.640305892272433952e-01 -2.460302404518351777e-02 2.137207325099129696e-01 -1.225934424621391433e-01 -6.931809376982037314e-03 -1.454664280436223367e-01 8.914056127643739391e-02 4.238283264915799348e-02
-5.638890169193094132e-03 4.410581367090283811e-01 -1.308479139734494874e-02 2.668481855913167750e-02 2.242302027621550509e-01 -3.056910054969841362e-01 -2.284806472575275638e-01 1.010378882554966024e-01 -3.644963239792656240e-01 9.273246516341840384e-02
8.587722401291798813e-02 -7.108152383452547018e-02 8.049450097351608102e-01 -2.033915430444645511e-01 1.648690451887822872e-01 -3.628078540979174510e-02 -7.716803030026307686e-02 -6.895018789459153585e-03 -4.863121622454785187e-01 -2.421352748359081597e-01
-3.185672904091733648e-01 -3.412800448711005297e-01 -2.877919003887626226e-01 2.835097756820824100e-01 -6.252452533010969919e-03 3.743416458400549152e-01 -4.930179355494066634e-02 1.333484273692734645e-01 4.362784515655401818e-02 2.330913702597975923e-01
1.142801981014318624e-01 -2.826348899097602327e-02 -9.359993603197755418e-02 -1.024455307560218076e-01 -6.194816452057718553e-02 9.654566785384081917e-02 -1.260346001308458863e-01 1.812457225899070240e-02 -1.866668838293602806e-01 4.799299321514046146e-01
1.800382930246137159e-01 -1.231033826066566805e-01 3.415362997091786479e-01 1.964060375685544035e-01 5.083880811267195432e-02 -4.649575982883652481e-02 1.860216145508138130e-01 -8.738388687457536788e-03 -4.714867086706035493e-01 -4.007671635397155319e-01
2.856395672157285293e-01 -1.331064056394948639e-02 -6.059516595765498254e-02 -6.497597443390957794e-01 6.308163604604516417e-01 -1.424047020971156430e-01 -1.825995649966389855e-01 -1.506516093053263464e-02 -3.311994879444536410e-01 4.734056193287503600e-01
2.278355822636142780e-01 -1.787403003387542377e-01 -1.361698374421719260e-01 -1.154299938201409914e-01 1.285246504088094488e-01 -2.996242013983589636e-02 2.816912037100918753e-01 -2.192303833355740139e-01 1.168232416604894353e-01 -3.503924068669184155e-02
-2.805702429517999419e-01 2.157398135287904098e-02 -3.309519006784036356e-03 2.999093005951077306e-01 -6.591369513933920121e-02 -2.881011153751495413e-01 -3.141606916455825238e-01 1.696748353225580042e-01 2.084761777795199611e-01 2.798979441616663566e-01
3.588137034948600257e-01 2.046074783659738716e-01 -2.340350984575303717e-01 -1.530325229701200995e-01 -2.721985094767614966e-01 -9.967265694149868294e-02 9.885173097776993323e-02 4.046214503774108739e-01 -2.784750529183014356e-01 4.447748726686590048e-02
-9.035552393950289918e-02 -8.019124362241433768e-02 -1.573157004665699799e-01 3.855876859272370782e-01 -1.323803486844090660e-01 3.422276633823790881e-01 -1.419124719402163060e-01 -7.994474982847796229e-02 -5.063752170380411144e-01 3.146987564856519870e-01
-1.510729663969756845e-02 -3.515054830135515285e-02 1.324491498099504283e-01 5.401651265716388498e-03 -9.733330293369348019e-03 4.023172520407109626e-02 -3.980000522972663296e-02 -6.085219350991650372e-02 1.007050663832198406e-01 -1.954852056237139923e-01
-1.935644076635166799e-01 -1.258892828216407085e-02 5.958794132156999129e-02 1.012998548614544442e-01 -6.341184192783062834e-02 5.497864936326174456e-02 1.878133606373356690e-01 -3.539386698757277516e-01 2.180945372051857900e-01 8.367546866137953732e-02
-5.964886903123825523e-02 3.089026245772383272e-01 -2.381149867555377164e-01 -3.239529019898345075e-01 2.010620276781553140e-01 -1.630981029808687977e-01 -1.108587389207954660e-01 -9.759245760412682547e-02 -1.366993933845295772e-01 5.398939760050520675e-01
-1.671066772686810864e-01 1.048233459792448918e-01 -1.913556567500181715e-01 -2.243042368351902960e-01 7.593888389972451580e-02 8.361723807687709842e-02 6.822477451609051946e-02 -6.391446235504873695e-03 -1.058575162894963007e-01 3.336291636343328149e-01
1.600496915315631138e-02 2.817455941327665081e-01 -4.542290061790323769e-03 -4.757829323232419527e-02 -1.407965522401277425e-01 4.368262104092448528e-01 1.575698641170668324e-01 -1.995886345065454592e-01 -3.759367341152305420e-01 -1.330539443391945929e-02
-1.789171753353017980e-03 -1.095172698981261433e-01 -2.432623093502627731e-01 5.237106834549329903e-01 -2.479076034340529644e-01 3.771179619747538347e-01 -1.291567447008538372e-01 -6.045783532931437582e-02 -7.892983180363169482e-02 8.044765492004765650e-02
3.043212700691191319e-01 -2.182751011057921242e-01 5.732425532374218341e-02 2.498615345060793136e-01 -5.137809326438721458e-01 4.608366935854778246e-03 1.557885515602761284e-01 -2.550115418523189459e-01 -9.127727145576357282e-02 1.993101205638249385e-01
-1.174330680579397101e-01 -5.564304291339206704e-02 2.675823948425462562e-01 -2.382005878417802203e-01 -1.334676082427761756e-01 2.684450512919906440e-01 1.079808238846757112e-02 2.287757956355644384e-01 7.411942818113081109e-03 -2.629313294129808631e-01
-1.057170260748739425e-02 -7.544334760203191825e-02 6.910539403162117011e-01 -3.131196751453874660e-01 -5.072139890249112437e-02 -2.135868187618527314e-01 -1.125486659082622493e-01 2.750308423165681582e-01 3.108975068806939523e-01 -4.968345959617394558e-01
-2.873726461573930524e-01 -9.147192719327633392e-02 -4.011232417965793218e-02 1.295845576934271104e-01 -7.184525288614707073e-02 3.165849333082516176e-02 1.196665415612465366e-01 2.438035007981887922e-02 1.931428218106725492e-01 7.082988280541034631e-02
2.678319512351827192e-01 -5.311373876800761645e-02 4.774126162763266956e-01 1.067837187431449758e-01 -6.544731317157915784e-01 8.682260160882490641e-02 -1.918807097368638304e-01 -1.541543692827504648e-02 1.781755330893272649e-01 2.215503104905650750e-02
-4.790573714293216989e-02 -1.123965481438914116e-01 1.047420558609476471e-01 9.911685102444667272e-02 -1.144970469992426659e-01 1.755541155439477655e-02 3.903375270773442457e-02 -1.382921203336214266e-01 9.316862847154315508e-02 3.747548447125377546e-02
-1.779398133563624487e-02 -1.747970633007566443e-01 2.024398641489400796e-01 -2.917895430688202674e-01 1.710064659448850832e-01 9.991975257776211650e-02 2.705105555287521946e-01 -5.443711826815834653e-01 2.881149122135401863e-01 -3.698953194376938119e-02
-4.097515884036965345e-02 2.394848243978038027e-01 -1.589478948803827729e-01 5.884598873815517495e-01 -5.628983989474339172e-02 5.487286013955884334e-01 -3.273278896272857619e-01 -4.174925896720146912e-01 -5.702575273831615998e-01 3.241747420599676577e-01
-3.879332898562131565e-02 -1.303875106925366234e-01 2.246055641279305071e-01 1.030024082136750257e-01 -1.304729115985430732e-01 -4.828293093463993657e-02 -1.867716854098261034e-02 4.664209521791957136e-01 -2.088770437514784195e-01 -2.984038480077170208e-01
-1.608447119037760553e-01 1.725972576492050270e-01 -1.782460133995487639e-01 -3.403982865610281211e-02 -1.107233803589214444e-01 2.772904077622118657e-01 4.101441702471014111e-02 -3.043741159369769411e-01 3.440004469279083210e-01 -9.351516684619012865e-02
-3.348588255396912072e-01 9.593369618729538639e-02 2.115087445672663713e-01 1.657009459005948371e-01 3.894363967150111377e-02 2.052880949944742295e-02 -5.812912822686770037e-02 1.295259591157986098e-02 1.270410662388643530e-01 -2.661130558936316559e-01
-2.081972994116116360e-01 -4.576437615013357885e-01 3.421240047568650522e-01 -2.936053239225262512e-01 2.369246019697927863e-01 4.076036730481840675e-01 3.039132627314766188e-01 -5.818873880775901064e-01 6.118889824116054144e-02 2.021490866313640222e-01
-2.599678958362265993e-02 -1.258379588025581308e-01 -9.853628353082423408e-02 2.760713788984750505e-01 1.602187046387210101e-01 -4.297446804481602767e-01 1.391748634120723860e-01 6.525987221762681589e-02 -3.423934714897598069e-02 2.207754400101717140e-01
3.066780117561042629e-01 3.209462518338741105e-02 -3.679659182805734008e-01 -2.849330291606535503e-01 1.441678468866655627e-01 -4.250730664996920510e-02 2.908745336838314266e-01 -2.526710545497278318e-02 -1.679969256076902506e-01 4.428062431683700562e-02
7.243993800457141329e-03 -8.897280396189059803e-02 -2.202804668406036503e-01 7.773837280485287882e-02 -4.029788252990654240e-02 2.016972754063536266e-01 1.870278775005138894e-01 -1.471590032517643316e-02 -2.412735474309447292e-01 1.065660775291089185e-01
-4.470525123031390130e-02 7.419585641323318825e-02 1.674349365194115757e-01 -3.379142295527429174e-01 6.863160631858539196e-02 -3.348892625314486143e-02 -6.482103028584240700e-02 2.921836976109356554e-01 -2.349901638529491577e-01 1.372594492714422458e-02
-2.984816548686309093e-02 -1.059679668882015507e-01 -1.263271725389198130e-01 2.036242083067562048e-01 -6.656298863446329095e-02 8.806082996942839192e-02 -5.243841500761896313e-02 -8.992022680201366969e-02 -9.774898041975807472e-02 9.883541865147130179e-02
1.393746157990733148e-01 -2.204689077142513165e-01 6.166123913801973416e-02 -2.556900728562685465e-01 2.615913759344329348e-01 -3.998245485974949442e-02 1.682745103442017665e-01 -1.601446882345728545e-02 1.128409950004067158e-01 -2.470337192005147842e-01
1.591175226779958096e-01 1.992116962585386078e-02 1.064131659180862777e-02 -2.663141468697649561e-01 3.555992824900267024e-01 -2.379766765243411242e-01 2.211322939885675409e-01 4.285893580962722021e-02 -2.530227381864119662e-01 -5.647671253097347188e-02
-2.561891985954031226e-01 1.817878292644518334e-01 5.353540750955159550e-02 -1.403679017795952944e-01 -1.235831546297159189e-01 1.871352095836238405e-01 5.852180065246073010e-02 3.924142481513250846e-01 -1.975703293334088451e-01 -3.774724166103055056e-01
5.824166199094756718e-02 1.825546401950746689e-01 1.841981970880255393e-01 -3.508765951059995003e-01 -1.005903554408536515e-01 1.716296705204200523e-01 4.965089916382164209e-02 -1.292880689536999445e-02 -1.900424851291565576e-01 -1.059266731543279799e-01
1.205406245913150098e-01 2.263000334929890223e-01 -8.387876493000480382e-02 2.840699910682670248e-01 -3.610480212937463573e-01 -2.572715703142132715e-01 3.243621152671086888e-02 -2.013953989040497342e-02 3.013570874486758838e-02 4.682738472647797467e-02
6.057624002403191096e-04 -1.159854093422384332e-02 -4.895439053759959025e-02 -5.121954615542016059e-02 4.541335945951274072e-02 3.143738632955779544e-02 5.374188704931367848e-03 3.428935597946751457e-02 3.214697716663084820e-02 5.243413790492302412e-03
-8.671041466671874920e-02 -9.514310567547115682e-02 -6.554532428108215958e-02 1.380154899511223943e-01 1.527556366163294044e-01 1.134611602586136671e-02 -4.196767670451276994e-02 5.792300698966239281e-02 1.992345729727843240e-01 2.620952558402051772e-03
-5.582279618193004833e-02 8.998022396442612036e-02 -7.828453844525500027e-02 2.176766151908111624e-01 -5.367657774279803728e-01 1.828821667213134106e-01 -1.458808506834602670e-01 4.171978110856691679e-01 -1.995249277448359615e-01 1.385806192471338294e-01
3.368032038227349867e-01 -3.477333375503820490e-01 8.394991137624431554e-02 -1.414606839611923517e-01 -3.381709943335455826e-01 1.933646945514776450e-01 -7.657055895652901956e-02 6.060070671758002389e-03 9.767217456692411925e-02 4.847813830255316703e-02
-3.522485912104572625e-01 1.640887668393342935e-01 5.537853701179407118e-01 3.367158767392024465e-01 -2.766822325674869743e-01 1.532145222806639562e-01 -2.654324791142827489e-01 2.683256336188338809e-01 1.160151958235006026e-01 -3.442485014790973019e-01
2.355537819994749787e-02 5.109398231512096017e-02 -1.663778404793982146e-01 2.495413285969329265e-01 -2.405582012151019911e-01 2.595593971376308068e-02 1.845935448564531567e-01 -1.944904118533238302e-01 6.206140585698056988e-02 4.274434818597113578e-02
2.014701178060074316e-03 9.854821811694208095e-04 -2.481811888996437732e-01 1.309282113665858893e-01 2.258055216759254913e-01 5.426620237655112311e-02 9.691689786214473246e-02 -7.268485861928547509e-02 4.596418138486396687e-02 -2.141110772775471072e-01
-1.444744142801104858e-01 3.763511350897733587e-01 1.981903070378324139e-01 4.945011619494796284e-01 -1.802679533433839409e-01 -3.647329024942683739e-01 -3.177865494488059106e-01 4.617436085756970177e-01 -2.926026989085231955e-01 -4.095464184084093850e-01
4.650439709634412305e-02 9.421237049587269374e-02 1.916701375587962636e-02 1.828109845608810735e-01 -2.724744159192775128e-01 3.604200959660908837e-02 -1.824433193827015576e-01 1.085712556620468533e-01 1.276529269364161390e-02 -1.279911417294306297e-02
3.157576896492585855e-02 3.257450805453863119e-01 1.232467618748991495e-01 -3.734090808569838771e-01 -1.265622340411205748e-01 2.577103690698638871e-01 1.903362306168610296e-01 -3.062561854218870741e-02 -3.414111371827786012e-01 -9.739674804472800429e-02
3.825527513676015012e-02 -3.347900822043842206e-01 -4.013712973827628788e-02 -1.338486066751430614e-01 1.252825071123504219e-01 1.178087538193609840e-01 -2.667451598095025092e-02 1.387103201563559263e-01 8.447589746641566422e-02 -9.734701743550183695e-02
-6.038579734314884068e-02 -5.969457027612719464e-03 9.411173419503462978e-02 5.339515327740608497e-02 -2.897776059573754504e-01 1.294153576399356964e-01 1.046168661563269542e-02 2.054234053042250027e-02 6.459026883383064965e-02 1.952880020326080990e-01
-3.456748336991364856e-01 3.395579314228874268e-01 4.941286644928137572e-02 9.089131737556996327e-02 -5.349497281742898042e-02 -1.030302020857029738e-01 -1.915425016844640033e-02 -2.463804021983879156e-01 3.301560368973621706e-01 6.571516912200127403e-02
-1.095577459497401734e-01 2.427522053583843209e-01 7.157889720714331883e-02 6.070409306140584632e-02 -2.796355358809277103e-02 -3.896808190388890286e-03 -1.499392987361123086e-01 -2.981001688603484023e-01 2.205194282038188680e-01 -6.477887870955222060e-02
-4.081119265325515166e-01 3.052516937055323454e-01 1.826091624468369756e-01 -1.306079878598741251e-01 -4.287866841665582962e-02 6.706981761093470940e-02 3.878024486502361368e-02 -1.385401965981881145e-01 2.861650183532521430e-01 -2.620486283825710361e-01
4.158599805378194736e-01 -3.047772414953860975e-01 1.636415201743444126e-01 -1.428529178810624412e-01 -1.996906098189000778e-01 -6.680438266929938917e-02 2.262703906869037163e-01 -3.383121804227964269e-01 8.045863391344530713e-02 -1.275381480340664619e-01
2.810492218615463500e-01 -1.634420465696102553e-01 3.559746613566944218e-02 -1.657754660465333985e-02 -4.102328701137074318e-02 1.580823576171052069e-01 -2.932919656591513879e-01 -2.967437751007342972e-02 2.224243219067402744e-01 -8.663053466635652414e-03
-2.834558662672718651e-02 9.033996882737847095e-03 -1.116068398409074403e-02 2.804144577975557773e-02 5.918839177865127532e-02 -5.935989445643029966e-02 2.282077533474514974e-03 -1.899929840124235311e-02 -5.636243484504135232e-02 2.451482827245438437e-02
1.201709126848597847e-01 -2.848470237869821786e-01 1.287962585668243898e-01 1.827260105133690637e-01 -3.946754833576934796e-02 -9.189117766890679551e-02 -5.299851143785730967e-01 1.879768092390942391e-01 9.449034459249833207e-02 1.865301317476308063e-01
-9.890347635783806879e-02 -1.019084951859720173e-02 -1.212244485595242310e-01 3.202497616354939569e-01 5.878122541815130470e-02 3.033988482419689436e-01 -1.781301861421812627e-01 -1.071943998486940136e-01 -3.538016906070350354e-01 2.546141040242295706e-01
-2.330833314334334466e-02 1.732723397700228684e-03 5.508381015383519846e-02 1.908472278951315049e-01 -1.102876075646473386e-01 -8.476305360084451790e-02 -1.191406274049798542e-01 1.049247353634517529e-02 -4.529996198200218066e-02 1.436691257188653815e-05
1.725878866520916266e-01 7.261358323162733774e-02 2.150066187970054721e-01 1.453209047253810060e-01 -1.475570070965684655e-01 1.224532868278344483e-01 -1.830938334360863173e-01 -1.566379134778486393e-01 -2.696242463512933951e-01 1.967198644121905260e-01
-1.264619265215830290e-01 7.089337916849068610e-02 -2.896842664351273466e-01 -3.941606154956845964e-01 -2.142986463803799868e-01 1.453817672676318284e-01 5.840681117084515206e-01 -1.405886869666702899e-01 -6.263084226889924222e-02 3.517200115703491003e-01
-1.864554065516104420e-01 1.554788529522148632e-01 -2.259511951500913218e-01 1.515227629788656882e-01 2.823191543299447340e-02 2.777585954732398332e-01 1.161405979520212933e-01 -2.391597601977517307e-01 3.813902778227530686e-03 -1.229823142088980470e-01
-1.414659695449784482e-01 -8.425830051340521543e-02 -3.391544656734141738e-01 -1.408749939778093652e-01 1.520404136971810205e-01 5.080032620970396096e-01 3.120347911186267462e-02 2.138458429834558250e-01 1.455389264146217214e-02 -3.909315631752095510e-01
-7.103874337817576989e-02 4.132463817942644974e-02 3.407929174147603796e-02 -1.915462441571111618e-01 2.827633037583478920e-02 1.043412808027425198e-01 -2.143141124878824091e-02 -2.241468897815740435e-01 -3.500800272544973835e-02 1.063914962296367006e-01
-5.877460267513644199e-02 -9.983498148481392484e-03 -4.504289832999323201e-02 -9.406692459494772618e-02 7.039488030466160839e-02 -7.152525860452671469e-02 3.609777951156866588e-02 6.143387700197901202e-02 9.716851359399168719e-02 -1.799020702216747036e-01
-3.231436940726569174e-01 1.493862504407333092e-01 -3.516590752002904385e-02 2.559727458416620194e-01 3.217018902242693712e-02 -3.763623992702883059e-02 -2.875029952675693945e-01 -2.706228070748796233e-01 4.492307703352829140e-01 6.796501926709611757e-03
8.828740569468911115e-02 1.611337273114545054e-01 4.650020453190623626e-01 4.118476330176978895e-02 -9.162222244421025508e-02 -1.439155444702433229e-01 1.665355506289885323e-01 -3.331635486599023865e-01 -3.116512685333799881e-01 6.078548065179267129e-02
-2.159798658138349925e-01 3.665256024728143214e-02 1.251738670343972570e-01 4.135446920984048869e-01 -1.558797815228664674e-01 -1.964116652727946610e-01 -2.398993612337986178e-03 -1.135449654946955045e-01 -8.742821252415970690e-02 7.937710386629949488e-02
-4.213021812993527487e-02 -1.611712561134409291e-02 3.888108411923543173e-01 3.010984325900553649e-01 -1.868284215665242665e-01 -2.312540543161696951e-02 2.662018505484556319e-02 4.172995209108322778e-01 -2.129320828996947856e-01 -4.612360431529951565e-01
5.968290392426517377e-02 -2.025877812022640334e-02 1.605124284158843465e-02 -7.533647998676365476e-02 -6.379197514817658288e-02 -2.312903128035911568e-02 1.749700857894478934e-02 -1.046119768814101486e-02 1.260937156051679109e-01 7.654901825959048445e-02
2.305894566723094008e-01 -2.036250298764802902e-01 -1.870617691946022676e-01 -5.906558902668186672e-02 2.358441403473165998e-01 -3.738788030105933968e-01 1.940989691415646867e-01 6.344866857841997831e-02 8.314092238329842677e-02 3.069166797169695180e-03
-1.560889882458805222e-01 -1.105152488523330860e-02 -5.467720201217054349e-02 5.887039628477588882e-02 -5.978108936629729364e-02 -2.975589669321511421e-02 -7.650967599741778646e-02 2.011639198984545573e-01 1.204476141420292162e-01 1.282531900397365088e-01
9.005989411535847422e-02 -5.309869590605720974e-02 -1.045219515883667738e-01 -1.075281991044101382e-01 3.528009575174334000e-01 1.992021303686005163e-01 6.722482334734083964e-02 1.800311822586619925e-02 -9.481309196295997777e-02 -3.920661659476148420e-01
9.448391467882594208e-03 2.438743398712319155e-01 -6.303384334451629656e-02 -3.352579392636728661e-02 1.884976881253540570e-01 -3.865444426817232215e-01 6.877948620576948557e-02 2.129583580620692806e-01 2.858087969689004360e-01 -3.793584296006328183e-01
-2.704220530672552664e-02 3.784033281704845542e-01 -7.446640280091633424e-02 -2.691265109136815048e-01 -3.383569796940062019e-02 1.297695877974978373e-01 2.347229981286153844e-01 -7.878744916192102765e-02 -3.577945432377189761e-01 2.090172401187091744e-01
2.487024553966045090e-02 -5.088317144140026144e-02 -8.310414273360369752e-02 -2.772406465647448554e-02 1.534751862213762363e-01 9.425552409052968816e-02 3.501407855525258406e-02 7.635265930336054829e-02 -1.287152984852774906e-01 -1.682229286550817049e-01
1.019986037920024985e-01 -3.934226460693400484e-02 2.304545023677091464e-01 -1.078150984039117632e-01 -2.102892422880283177e-02 3.706113319669986778e-02 -2.718503489355394639e-02 -8.726270439740553553e-02 2.594988743180390300e-02 7.291176871633855971e-02
8.394701005942653560e-02 -1.829102658756712463e-01 -1.495818369488714494e-01 1.730899916299819541e-01 -1.772464624327863350e-02 -6.935709645918559929e-02 -1.252899001354555817e-03 -8.073167228962324637e-02 1.482005460013215981e-01 -4.937597313585582320e-02
-4.661968225696706825e-02 -1.811370710474959900e-01 -1.193746206906539375e-01 -4.468436763197203287e-02 1.738831083036665726e-01 1.015136304319543686e-01 2.705707017626791597e-02 7.619462194583061232e-02 1.322179354560464870e-01 -6.627103644355086809e-02
3.793132672239966641e-01 6.427599175318549074e-02 4.357094066501607244e-01 -3.494795876004977431e-01 9.197888520407282789e-03 -8.263819190892939259e-01 -1.228540680456309681e-01 -1.001806809230794404e-01 2.848347583889105361e-01 2.812023205546089200e-01
6.461953624646192725e-03 1.644174751775973053e-01 3.452013789532540344e-01 -2.278615070810019738e-01 -1.075522143838913841e-01 -3.542076297604460078e-01 -3.373977588883123602e-01 1.818401706484952807e-01 -5.096052834585462765e-02 3.963120715200484367e-01
1.330955898809409454e-01 -2.740522939137391423e-01 4.006992798649505749e-01 1.362048295209597748e-01 -2.165619141652496693e-01 7.981319381241386290e-02 -1.434156820086545658e-01 7.999207829253779378e-02 -1.226933041390352030e-01 4.429306283545563633e-02
-1.593295132214676280e-01 9.011835688865842131e-02 -1.430526408550461259e-01 3.448326479270622524e-01 -3.376404015771750644e-01 1.817140235448125585e-01 1.871682559182622635e-02 -3.842397489004105160e-01 1.313984700004742490e-01 2.743355482383920685e-01
-2.016008998667955798e-01 -2.013268566709478513e-01 3.954138522426176583e-01 2.059339492753474998e-01 5.186108184073201510e-02 -5.899199863513779341e-02 -2.081280925702857221e-01 3.403383148281486359e-01 -2.129938123497647218e-01 1.229447635321854193e-01
-1.547910850896574153e-01 -1.984337806676009230e-01 -8.861586687290148867e-02 2.366066714568186291e-01 4.856315254094126233e-02 2.058835709120148405e-01 -3.890168473055511944e-01 1.956688095231979008e-01 1.533957737291854473e-01 3.002074866244034204e-02
-9.651437741276704119e-02 -1.306067173147129612e-01 4.746449188137414898e-01 3.303059166927840851e-01 -2.489182573516264541e-01 7.272805734824701329e-02 8.775880166648089564e-02 1.722120436490854126e-02 -1.803855538622320120e-01 -4.460628651221347218e-01
1.684248784460309900e-01 -1.126560970402117360e-03 -8.527031316518485227e-02 -1.639434081069893190e-02 1.001706486119967737e-01 -2.905887996554221142e-01 -6.774371182825873750e-02 -4.104182644620500697e-02 4.796496224178616735e-02 1.599625178883688215e-01
8.906240207803571562e-02 2.327137217855121676e-01 -2.781055737460920094e-02 -1.318500552104874546e-01 -1.766201328305272711e-01 -3.046810665552071029e-01 2.143514826837427181e-02 7.139582555872080183e-02 1.846739779654224811e-01 9.857334119938755690e-02
-1.443593762999991099e-02 -2.982358906125361364e-01 -2.018926114184020626e-01 1.727941735145927804e-01 -1.844958458140295576e-01 2.141053210581345678e-01 -1.753188591139354449e-02 5.984039096069204700e-02 1.362580029474071142e-01 1.986543590184098873e-01
1.619206760588361993e-01 -4.646850554035300562e-02 1.783826514127745677e-01 -5.848255190713991941e-02 -1.411994592973718834e-02 3.939632148473407036e-01 -6.025386609747939576e-02 1.254525067776129099e-01 -3.024589004068241604e-01 -4.117044775693653458e-01
1.327878239316210573e-01 -2.675482985170647005e-02 -1.589930291435084908e-01 1.197380102315233341e-01 5.328681566727832414e-02 -1.053244043034831656e-02 6.823287209188358404e-02 2.569005371137485505e-01 9.417722226900867785e-03 -3.164890351415567404e-01
1.354620641310430862e-01 -2.324756884505793098e-01 -9.512214223135283253e-02 -1.551977400378134198e-01 1.945716721420624462e-01 -4.219108558818075033e-02 -9.689899444994350131e-02 -2.984826831719195050e-02 1.984560286967407550e-01 9.583833952666212519e-02
-2.641142038543348725e-01 1.037110189882502059e-01 -5.299422882436496084e-03 -1.693717307516222903e-01 2.077839986518679183e-01 -2.100264463705408050e-02 -1.786978657064167697e-01 2.364498749021178570e-01 -4.918287977483806056e-02 3.430426188238093754e-01
2.880375485496684540e-01 8.481175718724467960e-02 -3.669505740124970883e-01 -3.228081124201453989e-01 -3.445367232721573414e-01 8.034636969734472167e-01 2.169588938479975748e-01 -7.716305450123465970e-02 -4.696657994987271656e-01 6.021660675246309248e-03
1.850378449924757196e-01 -2.900624356744904708e-01 9.075721366830348524e-02 -7.366063391045792053e-02 -9.966398023444461574e-02 -2.148536043344216884e-01 1.421278982665405977e-01 -4.358627202276421642e-02 2.854429142748677803e-02 3.171723353051811300e-01
9.087964376672626188e-02 -1.596873477172700839e-01 -5.914305923037800616e-02 -6.382880985270657226e-02 8.015148428073086417e-02 9.716973936966148695e-02 5.148779400223311292e-02 1.024276144957435297e-01 1.802680261828221442e-01 7.721730404246988748e-06
-8.123664516776495093e-02 3.621357768034149660e-01 4.387277663598841693e-02 -3.024216800831031615e-01 2.581959971016605793e-01 -2.610614318618161289e-01 -2.394004698401262232e-01 1.700584839326682862e-01 5.092493165515250830e-02 -1.059466542625236568e-01
1.393631479103550619e-01 6.761659933569558190e-02 -3.158444200379682543e-01 -1.042401303538210700e-01 -4.370416614767416025e-02 7.017220925080301652e-02 1.227450916681743498e-01 -1.217788438510886660e-02 -9.045817843508904832e-02 1.838370054424610378e-01
8.096336524967495674e-03 1.658717834078860670e-02 -3.019960573737539775e-02 -2.940596300164859817e-02 1.191458392199706978e-01 7.318830030967403422e-02 4.881453174915104110e-02 -2.281757257752920487e-01 -1.057000513151879761e-01 2.084992910360183582e-01
-1.522105733339957911e-01 -9.791670769426173704e-02 1.538702692289568297e-01 6.073114407010860721e-02 -3.602196540833710716e-04 3.691863724723435519e-02 -3.858138373777662833e-02 2.474378346537658979e-01 -5.766429969156836727e-02 -9.733181953790683016e-02
-8.858639378377118623e-02 3.310623399625456376e-02 8.265111265543488572e-02 -4.661065058695421093e-02 2.804378373975238703e-01 4.127011988448828911e-02 -7.824747293076614318e-02 2.090090601712666918e-01 -9.883814734270345015e-02 -1.266332687926398359e-01
3.959973681538187201e-04 -7.269942869562034948e-02 -3.052562670604028194e-01 -1.740820997304930173e-01 -4.107390966519701772e-03 5.025681971225502975e-01 1.522323799061893294e-02 1.236959571527865009e-01 2.109875398655853065e-02 1.015436975522669427e-01
2.078240141460591453e-02 3.443290898133660183e-01 -6.305279278138024857e-02 -1.132261726616082820e-01 3.136104335635046814e-02 -2.541519334644874381e-02 -7.508245307543558178e-02 -3.939359418866894558e-02 -2.120044361124594490e-01 3.970335636257179418e-02
2.334395199245600239e-01 -1.529195512105817889e-01 2.225802019747605831e-01 -1.190767658759917108e-01 1.443382262070606881e-01 -3.371939305611824644e-01 4.907351829737558076e-03 2.148921811527904346e-01 -3.167675982525773315e-01 2.180542621219478186e-02
4.424322368197332322e-02 1.503335390010616113e-01 -2.740616941821012453e-01 -1.788084533000601217e-01 -2.807686887459909797e-01 6.043663370287347680e-01 -4.351627101916057949e-01 3.457182599176547577e-01 -2.630496016433299111e-01 2.164362663171748580e-01
1.902116477780463888e-01 -1.253382393890337676e-01 -1.037744448093018274e-01 2.021241242744270805e-01 3.644593284413754491e-02 1.445062102551315786e-01 -8.661186799544988435e-02 -3.283492805729973374e-01 7.084839006188894950e-02 -8.630938636645826834e-02
-3.511266796857413497e-01 3.681724993093503373e-02 1.528783374457208522e-01 -4.663128971496862119e-01 3.584970425373041336e-01 6.517446966093450034e-02 -3.388943407230612936e-02 4.477836718017261797e-01 6.050623247612620277e-03 -7.282343479721650747e-02
-2.892167471966525065e-03 -1.167277556784698106e-01 -1.313436785516873262e-01 3.663256349238048770e-01 -5.485572635255757390e-02 1.135256283380654957e-01 8.790364907697523211e-02 -6.210417558610707017e-02 -9.914618473291453293e-02 2.217557191179329520e-02
-9.658131774679225290e-02 5.913441719604977526e-02 1.383071788799700857e-02 4.097487746270006559e-02 1.820649483311902739e-01 -1.324883050667660656e-01 2.542133821921519626e-02 2.821992898893158075e-01 1.432817853394035938e-02 -3.328963665899383195e-01
1.238046752030574904e-01 -1.555872073267043354e-01 8.007375733296365206e-02 1.768062931293543916e-01 -3.270471329959830920e-01 -2.904795860482081160e-01 7.984634265442265566e-02 -9.867372893661882638e-02 -2.072039217793978927e-01 3.204126839190932774e-01
-5.222560490194859406e-02 2.411509909848199018e-01 -1.166327010409043824e-01 -2.188632404783174834e-01 5.444727000421576736e-03 6.844541211635678246e-02 1.314345107417308200e-01 6.719381174361249709e-02 -1.546435668810401398e-01 -1.336399633728849456e-01
-9.068204493381595843e-02 6.994502056400843382e-02 3.942188585531631456e-02 2.873358516177404801e-02 3.071559783217682471e-02 2.178394543900067648e-01 9.392851404043596475e-02 1.501382032278841816e-01 -5.620194420582309142e-02 -2.298030483384395917e-01
-9.379234846513020973e-02 1.314152651206660360e-01 -1.651291243413410825e-01 -8.551498105650327808e-02 3.814830292081822921e-02 1.649822993012868277e-01 -1.854491804585060299e-01 -1.149611787334766932e-01 1.138415386510422955e-01 1.691289433071158366e-01
-9.182199471113658418e-02 -3.053192998240542369e-02 -9.530199219894699980e-02 2.006068488173393116e-01 1.709380443456993623e-02 4.396798093698078280e-01 -7.790218828424207154e-02 -1.202771275038364562e-01 -1.981648109818747172e-01 -1.735242732064700699e-01
-6.887160753550926329e-02 2.915214766893083759e-02 3.675408471371356678e-03 3.246589104156030053e-02 -2.127397590111173298e-01 -1.746893048303892540e-02 -1.434952833623968221e-02 -2.378539469957368924e-01 3.052524345850233245e-01 9.511691741892430718e-02
2.181505451542270491e-01 -1.297750610436313734e-01 4.346109055393703180e-01 2.464707851320217802e-01 -3.486085893499376587e-01 -3.099322097523379282e-01 -1.508022615246874532e-01 1.964047110174997335e-01 -1.029249455960577486e-01 -3.025715380948838448e-03
6.068264669569328057e-02 4.758620563062063852e-02 -2.398195865019175574e-02 1.492315727793053172e-03 -1.212132102893361853e-02 -6.812338437016907285e-03 1.195982186785684090e-03 3.785585179330205885e-02 4.535633911430167475e-02 -7.422737469774126629e-02
1.201950249160805562e-01 -9.742563080654684238e-02 -1.322702617574636821e-02 -2.615729657723153134e-01 -6.694392234830866262e-02 -1.381935537712509487e-01 8.053642258269645693e-02 1.588862832620675514e-01 2.135027004366452374e-01 5.625415621895325097e-02
2.694533141758616995e-02 5.602943884301914146e-01 -5.153842909814755624e-02 -7.498842699519468746e-02 4.488559656943457710e-01 -9.653054072187305934e-02 -7.678889756380925802e-02 9.610292992029219328e-02 -4.440079637683096436e-01 -2.869613270237573732e-01
5.300896895129211805e-02 1.058974754717113276e-01 -3.001554435634788409e-01 -3.844427578845119875e-01 2.314266472109714479e-01 -1.066929027365546845e-01 2.708836881678973185e-01 2.222185372500879996e-01 -1.149462086631708978e-02 -6.627072155428874759e-04
-5.654931127874125024e-02 -2.060550798966593461e-02 -9.531917107852723448e-02 -3.992986832983841383e-02 -1.242277632757962380e-01 1.557933447213121769e-01 5.926141014489239023e-02 1.865661544961913776e-01 1.042662811057851330e-01 -4.151464283129287919e-02
-7.915942693668880092e-02 -1.202357786296307657e-01 -8.786648519696906023e-02 1.400441412303576605e-01 8.772700928587880143e-02 1.390522876278159625e-01 -1.637301526535583918e-02 2.552169479589008402e-02 2.483506652206978610e-02 -1.543460427691029924e-01
